{
 "cells": [
  {
   "cell_type": "markdown",
   "id": "321547e5",
   "metadata": {
    "pycharm": {
     "name": "#%% md\n"
    }
   },
   "source": [
    "## order=해당 카테고리 주문 수 / 특정 유저 총 주문 수 (특정 유저의 카테고리별 주문율 파악 가능)\n",
    "\n",
    "## 기존 data에 order 데이터 합치기"
   ]
  },
  {
   "cell_type": "code",
   "execution_count": 9,
   "id": "473979d4",
   "metadata": {
    "pycharm": {
     "name": "#%%\n"
    }
   },
   "outputs": [
    {
     "name": "stdout",
     "output_type": "stream",
     "text": [
      "     userId  categoryId  orderFrequency  total     order\n",
      "0         1           1              10    215  0.046512\n",
      "1         1           2              21    215  0.097674\n",
      "2         1           3               5    215  0.023256\n",
      "3         1           4              16    215  0.074419\n",
      "4         1           5               7    215  0.032558\n",
      "..      ...         ...             ...    ...       ...\n",
      "367      31           8              30    266  0.112782\n",
      "368      31           9              30    266  0.112782\n",
      "369      31          10               9    266  0.033835\n",
      "370      31          11              10    266  0.037594\n",
      "371      31          12              49    266  0.184211\n",
      "\n",
      "[372 rows x 5 columns]\n"
     ]
    }
   ],
   "source": [
    "import pandas\n",
    "\n",
    "from sklearn.metrics.pairwise import cosine_similarity\n",
    "\n",
    "data = pandas.read_csv('file/user_order_data.csv')\n",
    "\n",
    "orderFrequency = (data['orderFrequency'] / data['total']).to_frame()\n",
    "orderFrequency.columns = ['order']\n",
    "\n",
    "data = pandas.merge(data, orderFrequency, left_index=True, right_index=True)\n",
    "\n",
    "print(data)"
   ]
  },
  {
   "cell_type": "markdown",
   "id": "ac3e7e6d",
   "metadata": {
    "pycharm": {
     "name": "#%%\n"
    }
   },
   "source": [
    "## index=userId, columns=categoryId, values=order 값으로 채워지는 행렬로 치환\n"
   ]
  },
  {
   "cell_type": "code",
   "execution_count": 11,
   "id": "10761b8c",
   "metadata": {
    "pycharm": {
     "name": "#%%\n"
    }
   },
   "outputs": [
    {
     "name": "stdout",
     "output_type": "stream",
     "text": [
      "categoryId        1         2         3         4         5         6   \\\n",
      "userId                                                                   \n",
      "1           0.046512  0.097674  0.023256  0.074419  0.032558  0.065116   \n",
      "2           0.055556  0.134259  0.138889  0.069444  0.087963  0.148148   \n",
      "3           0.055814  0.069767  0.074419  0.106977  0.097674  0.134884   \n",
      "4           0.079365  0.074074  0.095238  0.089947  0.063492  0.047619   \n",
      "5           0.010067  0.003356  0.093960  0.060403  0.114094  0.137584   \n",
      "6           0.090452  0.080402  0.065327  0.040201  0.120603  0.115578   \n",
      "7           0.074205  0.176678  0.038869  0.106007  0.045936  0.067138   \n",
      "8           0.150160  0.028754  0.137380  0.006390  0.028754  0.092652   \n",
      "9           0.026455  0.052910  0.153439  0.026455  0.063492  0.084656   \n",
      "10          0.141361  0.104712  0.094241  0.031414  0.010471  0.041885   \n",
      "11          0.011152  0.144981  0.092937  0.022305  0.026022  0.059480   \n",
      "12          0.046832  0.057851  0.110193  0.082645  0.129477  0.101928   \n",
      "13          0.045333  0.080000  0.085333  0.026667  0.128000  0.101333   \n",
      "14          0.113636  0.053030  0.123737  0.053030  0.121212  0.106061   \n",
      "15          0.050360  0.089928  0.017986  0.118705  0.115108  0.079137   \n",
      "16          0.145038  0.156489  0.156489  0.045802  0.019084  0.034351   \n",
      "17          0.117479  0.106017  0.134670  0.100287  0.077364  0.005731   \n",
      "18          0.027397  0.071918  0.167808  0.034247  0.047945  0.082192   \n",
      "19          0.019900  0.094527  0.184080  0.009950  0.039801  0.124378   \n",
      "20          0.123711  0.108247  0.082474  0.108247  0.048969  0.059278   \n",
      "21          0.127148  0.116838  0.041237  0.017182  0.030928  0.092784   \n",
      "22          0.062500  0.108333  0.166667  0.025000  0.029167  0.200000   \n",
      "23          0.099217  0.041775  0.060052  0.125326  0.073107  0.099217   \n",
      "24          0.161290  0.024194  0.108871  0.016129  0.044355  0.048387   \n",
      "25          0.054662  0.012862  0.118971  0.141479  0.073955  0.032154   \n",
      "26          0.080429  0.034853  0.123324  0.112601  0.091153  0.016086   \n",
      "27          0.113360  0.093117  0.145749  0.012146  0.145749  0.080972   \n",
      "28          0.141935  0.032258  0.083871  0.132258  0.132258  0.016129   \n",
      "29          0.110759  0.047468  0.056962  0.101266  0.120253  0.136076   \n",
      "30          0.044974  0.029101  0.126984  0.068783  0.108466  0.111111   \n",
      "31          0.056391  0.063910  0.041353  0.097744  0.161654  0.018797   \n",
      "\n",
      "categoryId        7         8         9         10        11        12  \n",
      "userId                                                                  \n",
      "1           0.120930  0.088372  0.102326  0.144186  0.079070  0.125581  \n",
      "2           0.074074  0.046296  0.013889  0.037037  0.087963  0.106481  \n",
      "3           0.153488  0.013953  0.004651  0.093023  0.139535  0.055814  \n",
      "4           0.021164  0.095238  0.111111  0.158730  0.063492  0.100529  \n",
      "5           0.157718  0.151007  0.057047  0.013423  0.053691  0.147651  \n",
      "6           0.020101  0.065327  0.075377  0.065327  0.030151  0.231156  \n",
      "7           0.024735  0.148410  0.091873  0.021201  0.106007  0.098940  \n",
      "8           0.146965  0.019169  0.134185  0.118211  0.038339  0.099042  \n",
      "9           0.058201  0.005291  0.201058  0.068783  0.116402  0.142857  \n",
      "10          0.115183  0.020942  0.125654  0.031414  0.057592  0.225131  \n",
      "11          0.063197  0.174721  0.118959  0.026022  0.152416  0.107807  \n",
      "12          0.077135  0.030303  0.030303  0.134986  0.107438  0.090909  \n",
      "13          0.077333  0.069333  0.064000  0.074667  0.122667  0.125333  \n",
      "14          0.035354  0.090909  0.080808  0.050505  0.118687  0.053030  \n",
      "15          0.035971  0.158273  0.007194  0.115108  0.071942  0.140288  \n",
      "16          0.053435  0.061069  0.083969  0.083969  0.030534  0.129771  \n",
      "17          0.114613  0.083095  0.022923  0.002865  0.140401  0.094556  \n",
      "18          0.136986  0.071918  0.150685  0.058219  0.017123  0.133562  \n",
      "19          0.019900  0.009950  0.189055  0.094527  0.149254  0.064677  \n",
      "20          0.033505  0.048969  0.118557  0.100515  0.100515  0.067010  \n",
      "21          0.020619  0.147766  0.089347  0.158076  0.065292  0.092784  \n",
      "22          0.087500  0.062500  0.120833  0.020833  0.037500  0.079167  \n",
      "23          0.049608  0.122715  0.099217  0.096606  0.010444  0.122715  \n",
      "24          0.133065  0.141129  0.008065  0.072581  0.076613  0.165323  \n",
      "25          0.038585  0.109325  0.160772  0.038585  0.122186  0.096463  \n",
      "26          0.085791  0.026810  0.128686  0.072386  0.104558  0.123324  \n",
      "27          0.016194  0.060729  0.080972  0.157895  0.024291  0.068826  \n",
      "28          0.119355  0.119355  0.090323  0.090323  0.029032  0.012903  \n",
      "29          0.136076  0.015823  0.139241  0.085443  0.041139  0.009494  \n",
      "30          0.092593  0.089947  0.050265  0.071429  0.095238  0.111111  \n",
      "31          0.078947  0.112782  0.112782  0.033835  0.037594  0.184211  \n"
     ]
    }
   ],
   "source": [
    "pivot_data = data.pivot(index='userId', columns='categoryId', values='order')\n",
    "\n",
    "print(pivot_data)"
   ]
  },
  {
   "cell_type": "markdown",
   "id": "4e88f9e7",
   "metadata": {},
   "source": [
    "## 생성한 pivot_data로 유사도 계산"
   ]
  },
  {
   "cell_type": "code",
   "execution_count": 13,
   "id": "d6a022ad",
   "metadata": {},
   "outputs": [
    {
     "name": "stdout",
     "output_type": "stream",
     "text": [
      "user_similarity\n",
      "\n",
      " [[1.         0.76009722 0.80254962 0.90028441 0.76239155 0.78714053\n",
      "  0.81792375 0.80147549 0.77276619 0.80645525 0.81094501 0.83429242\n",
      "  0.85868736 0.74254692 0.85024619 0.79058199 0.73647113 0.82079547\n",
      "  0.70717049 0.86378334 0.87413959 0.71495951 0.86830757 0.78207984\n",
      "  0.76870444 0.82945369 0.73961565 0.75128084 0.77643764 0.83054189\n",
      "  0.809753  ]\n",
      " [0.76009722 1.         0.87789445 0.76343676 0.79946059 0.8237541\n",
      "  0.8048533  0.72758607 0.76099484 0.74867374 0.77633691 0.8931051\n",
      "  0.91195801 0.87322528 0.78324602 0.82112766 0.84371694 0.80490676\n",
      "  0.7716812  0.80905685 0.72658    0.88964971 0.7717934  0.74895785\n",
      "  0.70756541 0.77602794 0.79396856 0.65890157 0.74516553 0.90993337\n",
      "  0.72234949]\n",
      " [0.80254962 0.87789445 1.         0.71880842 0.7686912  0.66449513\n",
      "  0.67320309 0.72999415 0.67835664 0.63504029 0.64561835 0.92819953\n",
      "  0.8698934  0.81295495 0.7508622  0.64440729 0.80508438 0.69464173\n",
      "  0.67456362 0.78074412 0.64761712 0.72733344 0.71976431 0.71028961\n",
      "  0.68082492 0.78527107 0.69134143 0.73031311 0.83945216 0.88430961\n",
      "  0.65532599]\n",
      " [0.90028441 0.76343676 0.71880842 1.         0.68381912 0.81459776\n",
      "  0.81315991 0.79991512 0.81138146 0.75043737 0.77395584 0.8691934\n",
      "  0.84503112 0.85035848 0.85517618 0.86132387 0.74272676 0.80430353\n",
      "  0.787163   0.9358848  0.91092083 0.72160597 0.92002096 0.76197157\n",
      "  0.8613295  0.88098076 0.89331512 0.81929457 0.76287328 0.85120045\n",
      "  0.80706176]\n",
      " [0.76239155 0.79946059 0.7686912  0.68381912 1.         0.78557412\n",
      "  0.68228798 0.69912557 0.70359665 0.68501091 0.74820242 0.77817507\n",
      "  0.85712069 0.77856498 0.7838712  0.60891446 0.72939116 0.83906454\n",
      "  0.58974162 0.61884994 0.63485929 0.77763895 0.81362791 0.80900918\n",
      "  0.75380423 0.74367908 0.63530853 0.70976813 0.71621141 0.92208993\n",
      "  0.83281139]\n",
      " [0.78714053 0.8237541  0.66449513 0.81459776 0.78557412 1.\n",
      "  0.757849   0.72887436 0.77772129 0.8488377  0.69899863 0.80102085\n",
      "  0.8817722  0.78960111 0.83504612 0.80046406 0.68860778 0.78222366\n",
      "  0.65812877 0.7653822  0.78749441 0.74934163 0.86783451 0.78628669\n",
      "  0.71315087 0.78458517 0.80455629 0.62512497 0.66657554 0.84107171\n",
      "  0.88419824]\n",
      " [0.81792375 0.8048533  0.67320309 0.81315991 0.68228798 0.757849\n",
      "  1.         0.5763519  0.67297062 0.73017608 0.91060326 0.69930892\n",
      "  0.80409568 0.80212536 0.84977809 0.80177576 0.81820632 0.69460473\n",
      "  0.6691199  0.86830464 0.83672185 0.72475689 0.81653146 0.68957023\n",
      "  0.79796877 0.73688028 0.66817796 0.69660795 0.64398417 0.75397796\n",
      "  0.79462712]\n",
      " [0.80147549 0.72758607 0.72999415 0.79991512 0.69912557 0.72887436\n",
      "  0.5763519  1.         0.82892996 0.85270984 0.62143224 0.77361236\n",
      "  0.77414262 0.78438648 0.56291633 0.83883324 0.70310121 0.88025115\n",
      "  0.76880972 0.80961942 0.75960879 0.8212294  0.77906192 0.82143345\n",
      "  0.70092513 0.83186276 0.80859632 0.75126587 0.83680856 0.80380403\n",
      "  0.6570496 ]\n",
      " [0.77276619 0.76099484 0.67835664 0.81138146 0.70359665 0.77772129\n",
      "  0.67297062 0.82892996 1.         0.81979396 0.77415441 0.78815346\n",
      "  0.85011302 0.8042807  0.57960341 0.76817079 0.68993412 0.89758262\n",
      "  0.94316606 0.81423407 0.67481644 0.82475613 0.72682211 0.6418917\n",
      "  0.84664377 0.89572111 0.754381   0.5968517  0.73290841 0.82713435\n",
      "  0.73812893]\n",
      " [0.80645525 0.74867374 0.63504029 0.75043737 0.68501091 0.8488377\n",
      "  0.73017608 0.85270984 0.81979396 1.         0.7222476  0.67816824\n",
      "  0.77869244 0.70084876 0.62995791 0.89036262 0.78233577 0.84738479\n",
      "  0.68215942 0.79512948 0.72170718 0.75192099 0.76098465 0.82691912\n",
      "  0.71191573 0.8371705  0.67171993 0.61562629 0.6548657  0.74203258\n",
      "  0.7872017 ]\n",
      " [0.81094501 0.77633691 0.64561835 0.77395584 0.74820242 0.69899863\n",
      "  0.91060326 0.62143224 0.77415441 0.7222476  1.         0.68690706\n",
      "  0.83883472 0.78941898 0.75139991 0.75655742 0.7926404  0.78671532\n",
      "  0.77778361 0.77638815 0.79576516 0.76280808 0.71462997 0.71661116\n",
      "  0.80252365 0.73170589 0.64059526 0.60331943 0.56762819 0.79135729\n",
      "  0.74046709]\n",
      " [0.83429242 0.8931051  0.92819953 0.8691934  0.77817507 0.80102085\n",
      "  0.69930892 0.77361236 0.78815346 0.67816824 0.68690706 1.\n",
      "  0.93776383 0.88437319 0.83539217 0.74397105 0.79238848 0.76882127\n",
      "  0.77205459 0.84314751 0.7521544  0.74346743 0.813432   0.74964259\n",
      "  0.76915244 0.86696189 0.86919351 0.77023958 0.81807337 0.94459928\n",
      "  0.76256186]\n",
      " [0.85868736 0.91195801 0.8698934  0.84503112 0.85712069 0.8817722\n",
      "  0.80409568 0.77414262 0.85011302 0.77869244 0.83883472 0.93776383\n",
      "  1.         0.91578821 0.84945729 0.77422002 0.82882758 0.82630261\n",
      "  0.80604439 0.83253251 0.80153016 0.80460369 0.81449173 0.80812111\n",
      "  0.79916562 0.86091434 0.84117266 0.72368876 0.77901967 0.95535658\n",
      "  0.84951927]\n",
      " [0.74254692 0.87322528 0.81295495 0.85035848 0.77856498 0.78960111\n",
      "  0.80212536 0.78438648 0.8042807  0.70084876 0.78941898 0.88437319\n",
      "  0.91578821 1.         0.77883382 0.7885479  0.84805772 0.76938898\n",
      "  0.81497228 0.88615446 0.80562381 0.82381414 0.83329356 0.78974431\n",
      "  0.85777792 0.85420933 0.87226073 0.82351395 0.82452031 0.92428219\n",
      "  0.76828021]\n",
      " [0.85024619 0.78324602 0.7508622  0.85517618 0.7838712  0.83504612\n",
      "  0.84977809 0.56291633 0.57960341 0.62995791 0.75139991 0.83539217\n",
      "  0.84945729 0.77883382 1.         0.69458863 0.73801122 0.64125054\n",
      "  0.5231036  0.77780816 0.83534549 0.59782497 0.88998885 0.76617239\n",
      "  0.73902148 0.72666595 0.74086109 0.75010463 0.64458678 0.84353983\n",
      "  0.85486665]\n",
      " [0.79058199 0.82112766 0.64440729 0.86132387 0.60891446 0.80046406\n",
      "  0.80177576 0.83883324 0.76817079 0.89036262 0.75655742 0.74397105\n",
      "  0.77422002 0.7885479  0.69458863 1.         0.82417614 0.83622759\n",
      "  0.74315578 0.88439531 0.83652286 0.80007104 0.7986965  0.81110182\n",
      "  0.71770782 0.81316308 0.84302357 0.71633691 0.66818582 0.76137137\n",
      "  0.72199681]\n",
      " [0.73647113 0.84371694 0.80508438 0.74272676 0.72939116 0.68860778\n",
      "  0.81820632 0.70310121 0.68993412 0.78233577 0.7926404  0.79238848\n",
      "  0.82882758 0.84805772 0.73801122 0.82417614 1.         0.73680745\n",
      "  0.64114636 0.82773454 0.66625292 0.68589371 0.72240983 0.83779537\n",
      "  0.80508538 0.86099409 0.68115144 0.79169643 0.67346431 0.8409786\n",
      "  0.76878325]\n",
      " [0.82079547 0.80490676 0.69464173 0.80430353 0.83906454 0.78222366\n",
      "  0.69460473 0.88025115 0.89758262 0.84738479 0.78671532 0.76882127\n",
      "  0.82630261 0.76938898 0.64125054 0.83622759 0.73680745 1.\n",
      "  0.81521744 0.76398067 0.70409308 0.89211458 0.80519513 0.76262553\n",
      "  0.79551468 0.85267193 0.76721258 0.70807603 0.76251364 0.86453768\n",
      "  0.78759621]\n",
      " [0.70717049 0.7716812  0.67456362 0.787163   0.58974162 0.65812877\n",
      "  0.6691199  0.76880972 0.94316606 0.68215942 0.77778361 0.77205459\n",
      "  0.80604439 0.81497228 0.5231036  0.74315578 0.64114636 0.81521744\n",
      "  1.         0.81525403 0.69515574 0.84789668 0.64257446 0.54252289\n",
      "  0.77528838 0.79205298 0.7676296  0.53488915 0.70205114 0.77604583\n",
      "  0.56663825]\n",
      " [0.86378334 0.80905685 0.78074412 0.9358848  0.61884994 0.7653822\n",
      "  0.86830464 0.80961942 0.81423407 0.79512948 0.77638815 0.84314751\n",
      "  0.83253251 0.88615446 0.77780816 0.88439531 0.82773454 0.76398067\n",
      "  0.81525403 1.         0.86715615 0.76341598 0.86825459 0.72606616\n",
      "  0.86276687 0.89786023 0.83564505 0.82140446 0.83058519 0.81373556\n",
      "  0.75711601]\n",
      " [0.87413959 0.72658    0.64761712 0.91092083 0.63485929 0.78749441\n",
      "  0.83672185 0.75960879 0.67481644 0.72170718 0.79576516 0.7521544\n",
      "  0.80153016 0.80562381 0.83534549 0.83652286 0.66625292 0.70409308\n",
      "  0.69515574 0.86715615 1.         0.72042582 0.85895884 0.78873604\n",
      "  0.69075401 0.69301729 0.84188299 0.71924277 0.68641061 0.75801099\n",
      "  0.70098967]\n",
      " [0.71495951 0.88964971 0.72733344 0.72160597 0.77763895 0.74934163\n",
      "  0.72475689 0.8212294  0.82475613 0.75192099 0.76280808 0.74346743\n",
      "  0.80460369 0.82381414 0.59782497 0.80007104 0.68589371 0.89211458\n",
      "  0.84789668 0.76341598 0.72042582 1.         0.75861898 0.68079535\n",
      "  0.6973764  0.71369606 0.75361211 0.60939906 0.78020363 0.83240063\n",
      "  0.62463183]\n",
      " [0.86830757 0.7717934  0.71976431 0.92002096 0.81362791 0.86783451\n",
      "  0.81653146 0.77906192 0.72682211 0.76098465 0.71462997 0.813432\n",
      "  0.81449173 0.83329356 0.88998885 0.7986965  0.72240983 0.80519513\n",
      "  0.64257446 0.86825459 0.85895884 0.75861898 1.         0.79997773\n",
      "  0.84796335 0.83538651 0.80713988 0.8549146  0.81319549 0.86734218\n",
      "  0.87275698]\n",
      " [0.78207984 0.74895785 0.71028961 0.76197157 0.80900918 0.78628669\n",
      "  0.68957023 0.82143345 0.6418917  0.82691912 0.71661116 0.74964259\n",
      "  0.80812111 0.78974431 0.76617239 0.81110182 0.83779537 0.76262553\n",
      "  0.54252289 0.72606616 0.78873604 0.68079535 0.79997773 1.\n",
      "  0.69510834 0.76672599 0.72062401 0.75315097 0.62646687 0.8462213\n",
      "  0.75703154]\n",
      " [0.76870444 0.70756541 0.68082492 0.8613295  0.75380423 0.71315087\n",
      "  0.79796877 0.70092513 0.84664377 0.71191573 0.80252365 0.76915244\n",
      "  0.79916562 0.85777792 0.73902148 0.71770782 0.80508538 0.79551468\n",
      "  0.77528838 0.86276687 0.69075401 0.6973764  0.84796335 0.69510834\n",
      "  1.         0.93000834 0.68830776 0.80336735 0.73378758 0.85096218\n",
      "  0.83243344]\n",
      " [0.82945369 0.77602794 0.78527107 0.88098076 0.74367908 0.78458517\n",
      "  0.73688028 0.83186276 0.89572111 0.8371705  0.73170589 0.86696189\n",
      "  0.86091434 0.85420933 0.72666595 0.81316308 0.86099409 0.85267193\n",
      "  0.79205298 0.89786023 0.69301729 0.71369606 0.83538651 0.76672599\n",
      "  0.93000834 1.         0.777805   0.82505816 0.80498323 0.88191751\n",
      "  0.85765511]\n",
      " [0.73961565 0.79396856 0.69134143 0.89331512 0.63530853 0.80455629\n",
      "  0.66817796 0.80859632 0.754381   0.67171993 0.64059526 0.86919351\n",
      "  0.84117266 0.87226073 0.74086109 0.84302357 0.68115144 0.76721258\n",
      "  0.7676296  0.83564505 0.84188299 0.75361211 0.80713988 0.72062401\n",
      "  0.68830776 0.777805   1.         0.77787051 0.77051219 0.82481469\n",
      "  0.71966086]\n",
      " [0.75128084 0.65890157 0.73031311 0.81929457 0.70976813 0.62512497\n",
      "  0.69660795 0.75126587 0.5968517  0.61562629 0.60331943 0.77023958\n",
      "  0.72368876 0.82351395 0.75010463 0.71633691 0.79169643 0.70807603\n",
      "  0.53488915 0.82140446 0.71924277 0.60939906 0.8549146  0.75315097\n",
      "  0.80336735 0.82505816 0.77787051 1.         0.85752624 0.79306041\n",
      "  0.78893368]\n",
      " [0.77643764 0.74516553 0.83945216 0.76287328 0.71621141 0.66657554\n",
      "  0.64398417 0.83680856 0.73290841 0.6548657  0.56762819 0.81807337\n",
      "  0.77901967 0.82452031 0.64458678 0.66818582 0.67346431 0.76251364\n",
      "  0.70205114 0.83058519 0.68641061 0.78020363 0.81319549 0.62646687\n",
      "  0.73378758 0.80498323 0.77051219 0.85752624 1.         0.80321886\n",
      "  0.70427   ]\n",
      " [0.83054189 0.90993337 0.88430961 0.85120045 0.92208993 0.84107171\n",
      "  0.75397796 0.80380403 0.82713435 0.74203258 0.79135729 0.94459928\n",
      "  0.95535658 0.92428219 0.84353983 0.76137137 0.8409786  0.86453768\n",
      "  0.77604583 0.81373556 0.75801099 0.83240063 0.86734218 0.8462213\n",
      "  0.85096218 0.88191751 0.82481469 0.79306041 0.80321886 1.\n",
      "  0.83174101]\n",
      " [0.809753   0.72234949 0.65532599 0.80706176 0.83281139 0.88419824\n",
      "  0.79462712 0.6570496  0.73812893 0.7872017  0.74046709 0.76256186\n",
      "  0.84951927 0.76828021 0.85486665 0.72199681 0.76878325 0.78759621\n",
      "  0.56663825 0.75711601 0.70098967 0.62463183 0.87275698 0.75703154\n",
      "  0.83243344 0.85765511 0.71966086 0.78893368 0.70427    0.83174101\n",
      "  1.        ]]\n"
     ]
    }
   ],
   "source": [
    "user_similarity = cosine_similarity(pivot_data)\n",
    "\n",
    "print(\"user_similarity\\n\\n\", user_similarity)"
   ]
  },
  {
   "cell_type": "markdown",
   "id": "39aee62e",
   "metadata": {},
   "source": [
    "## 계산한 user_similarity 행렬을 \n",
    "\n",
    "## index=pivot_data.index(=userId), columns=pivot_data.index(=userId), values=유사도값\n",
    "\n",
    "## 행렬로 치환"
   ]
  },
  {
   "cell_type": "code",
   "execution_count": 14,
   "id": "ce59417b",
   "metadata": {},
   "outputs": [
    {
     "name": "stdout",
     "output_type": "stream",
     "text": [
      "result\n",
      " userId        1         2         3         4         5         6         7   \\\n",
      "userId                                                                         \n",
      "1       1.000000  0.760097  0.802550  0.900284  0.762392  0.787141  0.817924   \n",
      "2       0.760097  1.000000  0.877894  0.763437  0.799461  0.823754  0.804853   \n",
      "3       0.802550  0.877894  1.000000  0.718808  0.768691  0.664495  0.673203   \n",
      "4       0.900284  0.763437  0.718808  1.000000  0.683819  0.814598  0.813160   \n",
      "5       0.762392  0.799461  0.768691  0.683819  1.000000  0.785574  0.682288   \n",
      "6       0.787141  0.823754  0.664495  0.814598  0.785574  1.000000  0.757849   \n",
      "7       0.817924  0.804853  0.673203  0.813160  0.682288  0.757849  1.000000   \n",
      "8       0.801475  0.727586  0.729994  0.799915  0.699126  0.728874  0.576352   \n",
      "9       0.772766  0.760995  0.678357  0.811381  0.703597  0.777721  0.672971   \n",
      "10      0.806455  0.748674  0.635040  0.750437  0.685011  0.848838  0.730176   \n",
      "11      0.810945  0.776337  0.645618  0.773956  0.748202  0.698999  0.910603   \n",
      "12      0.834292  0.893105  0.928200  0.869193  0.778175  0.801021  0.699309   \n",
      "13      0.858687  0.911958  0.869893  0.845031  0.857121  0.881772  0.804096   \n",
      "14      0.742547  0.873225  0.812955  0.850358  0.778565  0.789601  0.802125   \n",
      "15      0.850246  0.783246  0.750862  0.855176  0.783871  0.835046  0.849778   \n",
      "16      0.790582  0.821128  0.644407  0.861324  0.608914  0.800464  0.801776   \n",
      "17      0.736471  0.843717  0.805084  0.742727  0.729391  0.688608  0.818206   \n",
      "18      0.820795  0.804907  0.694642  0.804304  0.839065  0.782224  0.694605   \n",
      "19      0.707170  0.771681  0.674564  0.787163  0.589742  0.658129  0.669120   \n",
      "20      0.863783  0.809057  0.780744  0.935885  0.618850  0.765382  0.868305   \n",
      "21      0.874140  0.726580  0.647617  0.910921  0.634859  0.787494  0.836722   \n",
      "22      0.714960  0.889650  0.727333  0.721606  0.777639  0.749342  0.724757   \n",
      "23      0.868308  0.771793  0.719764  0.920021  0.813628  0.867835  0.816531   \n",
      "24      0.782080  0.748958  0.710290  0.761972  0.809009  0.786287  0.689570   \n",
      "25      0.768704  0.707565  0.680825  0.861330  0.753804  0.713151  0.797969   \n",
      "26      0.829454  0.776028  0.785271  0.880981  0.743679  0.784585  0.736880   \n",
      "27      0.739616  0.793969  0.691341  0.893315  0.635309  0.804556  0.668178   \n",
      "28      0.751281  0.658902  0.730313  0.819295  0.709768  0.625125  0.696608   \n",
      "29      0.776438  0.745166  0.839452  0.762873  0.716211  0.666576  0.643984   \n",
      "30      0.830542  0.909933  0.884310  0.851200  0.922090  0.841072  0.753978   \n",
      "31      0.809753  0.722349  0.655326  0.807062  0.832811  0.884198  0.794627   \n",
      "\n",
      "userId        8         9         10  ...        22        23        24  \\\n",
      "userId                                ...                                 \n",
      "1       0.801475  0.772766  0.806455  ...  0.714960  0.868308  0.782080   \n",
      "2       0.727586  0.760995  0.748674  ...  0.889650  0.771793  0.748958   \n",
      "3       0.729994  0.678357  0.635040  ...  0.727333  0.719764  0.710290   \n",
      "4       0.799915  0.811381  0.750437  ...  0.721606  0.920021  0.761972   \n",
      "5       0.699126  0.703597  0.685011  ...  0.777639  0.813628  0.809009   \n",
      "6       0.728874  0.777721  0.848838  ...  0.749342  0.867835  0.786287   \n",
      "7       0.576352  0.672971  0.730176  ...  0.724757  0.816531  0.689570   \n",
      "8       1.000000  0.828930  0.852710  ...  0.821229  0.779062  0.821433   \n",
      "9       0.828930  1.000000  0.819794  ...  0.824756  0.726822  0.641892   \n",
      "10      0.852710  0.819794  1.000000  ...  0.751921  0.760985  0.826919   \n",
      "11      0.621432  0.774154  0.722248  ...  0.762808  0.714630  0.716611   \n",
      "12      0.773612  0.788153  0.678168  ...  0.743467  0.813432  0.749643   \n",
      "13      0.774143  0.850113  0.778692  ...  0.804604  0.814492  0.808121   \n",
      "14      0.784386  0.804281  0.700849  ...  0.823814  0.833294  0.789744   \n",
      "15      0.562916  0.579603  0.629958  ...  0.597825  0.889989  0.766172   \n",
      "16      0.838833  0.768171  0.890363  ...  0.800071  0.798696  0.811102   \n",
      "17      0.703101  0.689934  0.782336  ...  0.685894  0.722410  0.837795   \n",
      "18      0.880251  0.897583  0.847385  ...  0.892115  0.805195  0.762626   \n",
      "19      0.768810  0.943166  0.682159  ...  0.847897  0.642574  0.542523   \n",
      "20      0.809619  0.814234  0.795129  ...  0.763416  0.868255  0.726066   \n",
      "21      0.759609  0.674816  0.721707  ...  0.720426  0.858959  0.788736   \n",
      "22      0.821229  0.824756  0.751921  ...  1.000000  0.758619  0.680795   \n",
      "23      0.779062  0.726822  0.760985  ...  0.758619  1.000000  0.799978   \n",
      "24      0.821433  0.641892  0.826919  ...  0.680795  0.799978  1.000000   \n",
      "25      0.700925  0.846644  0.711916  ...  0.697376  0.847963  0.695108   \n",
      "26      0.831863  0.895721  0.837171  ...  0.713696  0.835387  0.766726   \n",
      "27      0.808596  0.754381  0.671720  ...  0.753612  0.807140  0.720624   \n",
      "28      0.751266  0.596852  0.615626  ...  0.609399  0.854915  0.753151   \n",
      "29      0.836809  0.732908  0.654866  ...  0.780204  0.813195  0.626467   \n",
      "30      0.803804  0.827134  0.742033  ...  0.832401  0.867342  0.846221   \n",
      "31      0.657050  0.738129  0.787202  ...  0.624632  0.872757  0.757032   \n",
      "\n",
      "userId        25        26        27        28        29        30        31  \n",
      "userId                                                                        \n",
      "1       0.768704  0.829454  0.739616  0.751281  0.776438  0.830542  0.809753  \n",
      "2       0.707565  0.776028  0.793969  0.658902  0.745166  0.909933  0.722349  \n",
      "3       0.680825  0.785271  0.691341  0.730313  0.839452  0.884310  0.655326  \n",
      "4       0.861330  0.880981  0.893315  0.819295  0.762873  0.851200  0.807062  \n",
      "5       0.753804  0.743679  0.635309  0.709768  0.716211  0.922090  0.832811  \n",
      "6       0.713151  0.784585  0.804556  0.625125  0.666576  0.841072  0.884198  \n",
      "7       0.797969  0.736880  0.668178  0.696608  0.643984  0.753978  0.794627  \n",
      "8       0.700925  0.831863  0.808596  0.751266  0.836809  0.803804  0.657050  \n",
      "9       0.846644  0.895721  0.754381  0.596852  0.732908  0.827134  0.738129  \n",
      "10      0.711916  0.837171  0.671720  0.615626  0.654866  0.742033  0.787202  \n",
      "11      0.802524  0.731706  0.640595  0.603319  0.567628  0.791357  0.740467  \n",
      "12      0.769152  0.866962  0.869194  0.770240  0.818073  0.944599  0.762562  \n",
      "13      0.799166  0.860914  0.841173  0.723689  0.779020  0.955357  0.849519  \n",
      "14      0.857778  0.854209  0.872261  0.823514  0.824520  0.924282  0.768280  \n",
      "15      0.739021  0.726666  0.740861  0.750105  0.644587  0.843540  0.854867  \n",
      "16      0.717708  0.813163  0.843024  0.716337  0.668186  0.761371  0.721997  \n",
      "17      0.805085  0.860994  0.681151  0.791696  0.673464  0.840979  0.768783  \n",
      "18      0.795515  0.852672  0.767213  0.708076  0.762514  0.864538  0.787596  \n",
      "19      0.775288  0.792053  0.767630  0.534889  0.702051  0.776046  0.566638  \n",
      "20      0.862767  0.897860  0.835645  0.821404  0.830585  0.813736  0.757116  \n",
      "21      0.690754  0.693017  0.841883  0.719243  0.686411  0.758011  0.700990  \n",
      "22      0.697376  0.713696  0.753612  0.609399  0.780204  0.832401  0.624632  \n",
      "23      0.847963  0.835387  0.807140  0.854915  0.813195  0.867342  0.872757  \n",
      "24      0.695108  0.766726  0.720624  0.753151  0.626467  0.846221  0.757032  \n",
      "25      1.000000  0.930008  0.688308  0.803367  0.733788  0.850962  0.832433  \n",
      "26      0.930008  1.000000  0.777805  0.825058  0.804983  0.881918  0.857655  \n",
      "27      0.688308  0.777805  1.000000  0.777871  0.770512  0.824815  0.719661  \n",
      "28      0.803367  0.825058  0.777871  1.000000  0.857526  0.793060  0.788934  \n",
      "29      0.733788  0.804983  0.770512  0.857526  1.000000  0.803219  0.704270  \n",
      "30      0.850962  0.881918  0.824815  0.793060  0.803219  1.000000  0.831741  \n",
      "31      0.832433  0.857655  0.719661  0.788934  0.704270  0.831741  1.000000  \n",
      "\n",
      "[31 rows x 31 columns]\n"
     ]
    }
   ],
   "source": [
    "user_similarity_df = pandas.DataFrame(data=user_similarity, index=pivot_data.index, columns=pivot_data.index)\n",
    "\n",
    "print(\"result\\n\", user_similarity_df)"
   ]
  },
  {
   "cell_type": "markdown",
   "id": "5e856440",
   "metadata": {},
   "source": [
    "## 생성한 user_similarity_df 행렬 -> user_similarity_df[x] 로 x번 유저의 유사도값 가져오기 가능\n",
    "\n",
    "## 후에 함수 파라미터로 인덱스값 받을 예정"
   ]
  },
  {
   "cell_type": "code",
   "execution_count": 15,
   "id": "76d30c3c",
   "metadata": {},
   "outputs": [
    {
     "name": "stdout",
     "output_type": "stream",
     "text": [
      "-------------------------------------------------------------------------------\n",
      "userId\n",
      "1     1.000000\n",
      "4     0.900284\n",
      "21    0.874140\n",
      "23    0.868308\n",
      "20    0.863783\n",
      "13    0.858687\n",
      "15    0.850246\n",
      "12    0.834292\n",
      "30    0.830542\n",
      "26    0.829454\n",
      "Name: 1, dtype: float64\n"
     ]
    }
   ],
   "source": [
    "print('-------------------------------------------------------------------------------')\n",
    "\n",
    "print(user_similarity_df[1].sort_values(ascending=False)[:10])"
   ]
  }
 ],
 "metadata": {
  "kernelspec": {
   "display_name": "Python 3 (ipykernel)",
   "language": "python",
   "name": "python3"
  },
  "language_info": {
   "codemirror_mode": {
    "name": "ipython",
    "version": 3
   },
   "file_extension": ".py",
   "mimetype": "text/x-python",
   "name": "python",
   "nbconvert_exporter": "python",
   "pygments_lexer": "ipython3",
   "version": "3.9.6"
  }
 },
 "nbformat": 4,
 "nbformat_minor": 5
}
